RMSE	:	6.525144311946054
MAE		:	5.059016351446961
EVS		:	0.1755602085850766