RMSE	:	4.797155792231868
MAE		:	3.7449565909125586
EVS		:	0.4793710447729108