RMSE	:	6.449410807649025
MAE		:	5.23633928009958
EVS		:	0.08051521806832362