RMSE	:	6.56683144597073
MAE		:	5.45466710581924
EVS		:	0.03974894333778911