RMSE	:	6.599058853488902
MAE		:	5.713650826251868
EVS		:	0.03083610385396418