RMSE	:	6.650885773238044
MAE		:	5.656383933443012
EVS		:	0.011417483431904518