RMSE	:	6.243412436909132
MAE		:	5.301813342354515
EVS		:	0.1195624171959484